line	Alpha	Alpha_SE	Beta	Beta_SE	VIM4	avg	peak_genotype
RIL101	0.000299967613853436	2.76186034927791e-05	0.00106237209086689	9.83181970498149e-05	9.349767	6.81169852360163	peakLer
RIL108	0.000268771973929248	2.88179713584033e-05	0.00125643888089157	0.000135543335737361	9.463646	7.62605427410409	peakCvi
RIL11	0.000327330689094002	1.68795003300113e-05	0.00137384083623071	7.13279624601435e-05	9.707137	8.50585762662356	peakCvi
RIL112	0.000385340707705007	5.01812755652873e-05	0.00153394795581688	0.000201270013862629	9.162375	9.59644331760943	peakLer
RIL116	0.000369576657752462	3.20107106037617e-05	0.00167664092230911	0.000146380622935913	9.326108	10.2310879003079	peakCvi
RIL120	0.00035186980069023	5.50809442238703e-05	0.00145486605870983	0.00022927381880003	9.214491	9.0336792970003	peakCvi
RIL125	0.000245129058359051	3.2001217928656e-05	0.000974876036315765	0.000127905731977828	9.307324	6.10002547337408	peakLer
RIL126	0.000286897602781583	2.38198206235788e-05	0.00111963971022514	9.34702250553552e-05	9.109449	7.03268656503362	peakLer
RIL127	0.000216364275080175	2.75383923357703e-05	0.000933785188851261	0.000119399705861814	9.2341	5.75074731965718	peakLer
RIL13	0.000268414183687646	1.41259575326624e-05	0.00111083643544551	5.87872034839433e-05	9.172469	6.89625309566578	peakLer
RIL132	0.00030476219373096	5.86241296427484e-09	0.00119361363216014	2.30973376003647e-08	9.376268	7.4918791294555	peakLer
RIL133	0.000213841861462503	2.09359964484221e-05	0.00085168951362846	8.37392961581448e-05	9.272394	5.32765687545481	peakLer
RIL135	0.000247485306876267	1.86491431963857e-05	0.00101566454753863	7.69447533364515e-05	9.271444	6.31574927207449	peakLer
RIL136	0.00037664179682358	4.69516999728051e-05	0.00181918425304789	0.000228666212882767	9.432912	10.9791302493574	peakCvi
RIL140	0.000162065356296589	4.42264533206854e-05	0.000791039258619008	0.000216692835775643	9.326617	4.76552307457799	peakLer
RIL142	0.000224405270225349	2.91446528785584e-08	0.000921504159208017	1.20217812786095e-07	9.333646	5.72954714716683	peakLer
RIL143	0.000346257989282511	4.0917911964618e-05	0.00152808721553047	0.000181898612603989	9.476123	9.3717260240649	peakLer
RIL146	0.000199369714070399	2.20240848669001e-05	0.000753676451123953	8.35766596622946e-05	9.179112	4.76523082597176	peakLer
RIL147	0.00034724283410131	3.57012534514797e-05	0.00149286833786899	0.000154600045603736	9.442708	9.2005558598515	peakCvi
RIL149	0.00015043153220679	4.91563275721549e-05	0.000569065185338895	0.000186479323831297	9.25643	3.59748358772843	peakLer
RIL15	0.000436531823759161	4.46734915489411e-05	0.00244116285720928	0.000252677055398537	9.653163	14.3884734048422	peakCvi
RIL150	0.000136912879584403	5.50355782341913e-05	0.000577626360481789	0.00023291379539995	9.157964	3.57269620033096	peakLer
RIL151	0.000311801590318472	2.18087229200999e-05	0.00124097441205971	8.73299691742343e-05	9.245871	7.76388001189091	peakLer
RIL153	0.000261697443039219	4.33331815793465e-05	0.000980362679148585	0.00016314333703253	9.103437	6.21030061093902	peakLer
RIL155	0.000433736072816814	5.82754698919236e-05	0.00208952590655411	0.000283519408699925	9.41049	12.6163098968546	peakCvi
RIL158	0.000258840806852048	1.96153391022882e-05	0.00101135832878638	7.70277890777147e-05	9.291433	6.35099567819214	peakLer
RIL162	0.000397549081005305	6.31690707788121e-05	0.00187873448726442	0.000301246959851642	9.230587	11.3814178413486	peakCvi
RIL163	0.000347222314239911	3.7473767497261e-05	0.00135970950836701	0.000147734275240908	9.184782	8.53465911303461	peakLer
RIL165	0.000284316516295274	2.30277738102097e-05	0.00122445530097439	9.97678669061473e-05	9.392401	7.54385908634832	peakLer
RIL166	0.000266852545832338	1.72550600242481e-05	0.00108595760256262	7.0593490022985e-05	9.016623	6.76405074197479	peakLer
RIL167	0.000346024385764164	2.52629735268236e-05	0.0015290421726374	0.000112462440555562	9.155854	9.37533279200782	peakLer
RIL168	0.000291950238887093	3.54971928948188e-05	0.00138620064009541	0.000169707019066175	9.2348	8.39075439491252	peakCvi
RIL170	0.000348096889144203	3.1679985324163e-05	0.00133228725187383	0.000122066671521677	9.150888	8.40192070509017	peakLer
RIL172	0.000296490565920282	1.65731184469627e-05	0.00109688109326292	6.16517629874091e-05	9.245652	6.96685829591601	peakLer
RIL173	0.000185617289043064	1.81630843576275e-05	0.000714673551714936	7.01817493564394e-05	9.366199	4.50145420379	peakLer
RIL175	0.00025790106774847	3.78514570776354e-05	0.00114255697434406	0.000168644913682454	9.163957	7.00229021046265	peakCvi
RIL18	0.000263572928038689	3.70051196701113e-05	0.0011132481368961	0.000157164276573606	9.299393	6.88410532467395	peakLer
RIL180	0.000230314505313725	2.80601189938753e-05	0.000822733879336992	0.000100658590538337	9.202025	5.26524192325358	peakLer
RIL182	0.000133617329823352	4.11427623691988e-05	0.000518460286939406	0.000160033283943109	9.408518	3.26038808381379	peakLer
RIL19	0.000264553693060954	3.26019535949899e-05	0.00104872564434095	0.000129919964861992	9.023361	6.56639668700952	peakLer
RIL190	0.000257429332217924	2.05296624273414e-05	0.00111732667076473	8.95996077805321e-05	9.37784	6.87378001491327	peakLer
RIL191	0.000295276898105429	5.15629193970368e-05	0.00108771429930689	0.00019091236937095	9.434014	6.9149559870616	peakLer
RIL192	0.000223585695063157	1.47188290195126e-05	0.000991896321239928	6.56125018270036e-05	9.133831	6.07741008151543	peakLer
RIL21	0.000137103212583831	3.80687651537592e-05	0.00060779119894047	0.000169263160379177	9.17636	3.72447205762151	peakCvi
RIL22	0.000292463250255934	1.82267119117279e-05	0.00104788084653912	6.56590371246824e-05	9.467332	6.70172048397527	peakLer
RIL23	0.000192562906648145	4.46908444805216e-05	0.000837218509834937	0.000195110357871821	9.235574	5.14890708241541	peakLer
RIL25	0.000333375706299017	2.48998878966678e-05	0.00136654958870616	0.000102717628680726	9.589092	8.49962647502589	peakLer
RIL29	0.000328098876033056	2.27712075064404e-05	0.00129671034111376	9.05429199848611e-05	9.219726	8.12404608573408	peakLer
RIL36	0.000214709915046449	1.6462853066165e-05	0.000904321333312946	6.96552647770834e-05	9.195192	5.59515624179698	peakLer
RIL37	0.000308440268189403	4.16257811981426e-08	0.00125703634938109	1.70698608809911e-07	9.41246	7.82738308785247	peakCvi
RIL4	0.00026509535814108	3.37566195324166e-05	0.00119904998608969	0.000153571664939251	9.49934	7.32072672115385	peakCvi
RIL50	0.000539809989993742	5.69485704377759e-05	0.0023514289889802	0.00025080130193049	9.385036	14.4561948948697	peakCvi
RIL54	0.000321085554767703	2.9635278141264e-05	0.00133926865555007	0.000124417537383891	9.161561	8.30177105158886	peakLer
RIL55	0.000398996386162259	2.99781827130724e-05	0.0016472097644454	0.000124774721887712	9.247944	10.2310307530383	peakCvi
RIL58	0.000150707154536161	2.81258661657815e-05	0.000583095697931637	0.000109122986181809	9.21878	3.66901426233899	peakLer
RIL59	0.00025154882951806	1.79494928649331e-05	0.000941640711369962	6.75048283745518e-05	9.252445	5.96594770444011	peakLer
RIL6	0.000229790197326732	6.8399926934745e-05	0.000998553675457849	0.000298743030400276	9.274103	6.1417193639229	peakCvi
RIL61	0.000179836150548169	2.79984146182183e-05	0.00073873636813117	0.000115430770242392	9.082187	4.5928625933967	peakLer
RIL63	0.000401483498033919	5.82042745662525e-05	0.00179972048842563	0.000263107015480605	9.313243	11.0060199322977	peakCvi
RIL65	0.000260629453405529	7.15929294217535e-05	0.00110615815510149	0.000305523827351562	9.004998	6.83393804253509	peakLer
RIL68	0.000227281101647046	2.12415576715359e-05	0.000959571405822768	9.0102410860241e-05	9.292661	5.93426253734907	peakLer
RIL7	0.000421214749938405	3.01828068942575e-05	0.00183439385047439	0.000132612558604763	9.511476	11.278043002064	peakCvi
RIL70	0.000230836321947479	3.55187329755737e-05	0.000943399555482034	0.000145830182755565	9.014253	5.87117938714756	peakLer
RIL71	0.000184918677296961	2.71197931701226e-05	0.000757186090746006	0.00011147008618209	9.245105	4.71052384021484	peakLer
RIL72	0.000253416417346736	3.84703704039649e-05	0.00111207863149048	0.000169736686285625	9.320635	6.82747524418608	peakCvi
