Gene	P_Value	log	trait
X00001	0.252059317729127	0.598497243619412	1
X00002	0.384382823813651	0.415236027063882	2
X00003	0.994091880097136	0.00257347357543862	3
X00004	0.502593471168093	0.298783157315443	4
X00005	0.14700521609395	0.832667255179515	5
X00006	0.195121455340796	0.70969497343582	6
X00007	0.531702061185078	0.274331656105662	7
X00008	0.249566655667979	0.602813440731477	8
X00009	0.134593134366196	0.870977093031236	9
X00010	0.11153771596581	0.95257825309891	10
X00011	0.290809695159778	0.536391118843931	11
X00012	0.131406686503929	0.881382535553431	12
X00013	0.0670016171979987	1.17391471473662	13
X00014	0.660344199593447	0.180229632611739	14
X00015	0.0288782477429442	1.53942916216394	15
X00016	0.00105691048720271	2.97596179278727	16
X00017	0.95450632706226	0.0202211884865334	17
X00018	0.537775843029563	0.269398710246951	18
X00019	0.223544167329063	0.650636657175277	19
X00020	0.0421059476861573	1.37565655345566	20
X00021	0.149102770941422	0.826514285498132	21
X00022	0.14613542927151	0.835244480357467	22
X00023	0.101407721585882	0.993928974840309	23
X00024	0.437989619845243	0.358536181955606	24
X00025	0.660344199593447	0.180229632611739	25
X00026	0.920968743483288	0.03575510895959	26
X00027	0.00993199376680476	2.00296356167518	27
X00028	0.000824291082935363	3.08391939826732	28
X00029	0.356672604064772	0.447730247433224	29
X00030	0.313185180594466	0.504198796225577	30
X00031	0.467691277834951	0.330040729350578	31
X00032	0.716955658075979	0.144507703535017	32
X00033	0.11333116650846	0.94565064105166	33
X00034	0.159643377224296	0.796849093376352	34
X00035	0.367153425897672	0.435152415048396	35
X00036	0.546254802970577	0.26260473145045	36
X00037	0.0194130248932024	1.71190678856463	37
X00038	0.289908190775995	0.537739514349846	38
X00039	0.228214941807608	0.64165592463227	39
X00040	0.446816973102329	0.349870337828868	40
X00041	0.144517598176615	0.840079264840733	41
X00042	0.53755333713046	0.269578437696616	42
X00043	0.362187127102602	0.441066989493127	43
X00044	0.0731891860027311	1.13555308296189	44
X00045	0.495186515231477	0.305231190402111	45
X00046	0.877970403869541	0.0565201237895515	46
X00047	0.85346164218489	0.0688159929579	47
X00048	0.07397555091544	1.13091179184973	48
X00049	0.858772149540901	0.066122048419338	49
X00050	0.209267286890179	0.679298656197708	50
X00051	0.85823469203852	0.0663939341562058	51
X00052	0.293087730889466	0.533002361426898	52
X00053	0.0502871302442157	1.2985431477289	53
X00054	0.106102940034446	0.974272581951193	54
X00055	0.353185527207691	0.451997101194746	55
X00056	0.865722629133324	0.0626212303061036	56
X00057	0.772024932557841	0.112368673890375	57
X00058	0.48056283727943	0.31824981694558	58
X00059	0.571266014584597	0.24316161195801	59
X00060	0.0395454713934742	1.40290324317599	60
X00061	0.904254847390025	0.043709154461176	61
X00062	0.130345378155822	0.884904363628824	62
X00063	0.377055438323787	0.42359479094	63
X00064	0.757174747843712	0.120803878404762	64
X00065	0.389607026939641	0.409373218801662	65
X00066	0.0793043884791296	1.10070277939695	66
X00067	0.0621694573811824	1.20642292316404	67
X00068	0.397865379175936	0.400263849963952	68
X00069	0.20025610423628	0.698414236813125	69
X00070	0.107653363083057	0.967972398301252	70
X00071	0.870467354883874	0.0602475115766813	71
X00072	0.187938765242021	0.725983630786717	72
X00073	0.0414955105625905	1.3819988874653	73
X00074	0.800191606022486	0.0968060086646397	74
X00075	0.0862297434195503	1.06434290616006	75
X00076	0.775380810821485	0.110484951146016	76
X00077	0.157784520847049	0.801935604678247	77
X00078	0.491924708652056	0.308101362921982	78
X00079	0.69653065177072	0.157059767105091	79
X00080	0.111326170191125	0.953402731140575	80
X00081	0.689698361094157	0.161340806008463	81
X00082	0.69070229663731	0.160709099929494	82
X00083	0.0342446189707132	1.46540766168762	83
X00084	0.934515480556508	0.0294134999945314	84
X00085	0.488916130725784	0.310765633896667	85
X00086	0.0989558541824889	1.00455850803722	86
X00087	0.962222833867577	0.0167243413588072	87
X00088	0.214860743884534	0.667842925000296	88
X00089	0.261212332125811	0.583006323385624	89
X00090	0.178593343766274	0.748134731446615	90
X00091	0.332609741475212	0.478065035312003	91
X00092	0.362565570436001	0.44061343929068	92
X00093	0.334547361853745	0.475542390494993	93
X00094	0.327267142380698	0.485097595666868	94
X00095	0.399887892965422	0.398061744398373	95
X00096	0.327265123730312	0.485100274491943	96
X00097	0.182548948746632	0.738620663699471	97
X00098	0.104805271760315	0.979616871561909	98
X00099	0.208385746564782	0.681131989786913	99
X00100	0.196784476528103	0.706009164157178	100
X00101	0.0291245152471875	1.53574129436845	101
X00102	0.483322510601032	0.315762977254774	102
X00103	0.49125399766883	0.308693902451735	103
X00104	0.399228305275671	0.398778674826445	104
X00105	0.271315599143148	0.566525235994997	105
X00106	0.724890163794095	0.139727793252221	106
X00107	0.258994817622482	0.586708925881978	107
X00108	0.0134567705733253	1.87105915188496	108
X00109	0.933689829784954	0.0297973717193631	109
X00110	0.682741423997848	0.165743746382375	110
X00111	0.921939310289554	0.0352976668789752	111
X00112	0.991815408891432	0.00356914877273991	112
X00113	0.939534313501542	0.0270873540496247	113
X00114	0.270628993596045	0.567625677493588	114
X00115	0.462391831092928	0.334989847041252	115
X00116	0.420354082351529	0.37638473048987	116
X00117	0.327405196249274	0.484914432179794	117
X00118	0.294009006112664	0.531639366032988	118
X00119	0.0706232654703558	1.15105220545079	119
X00120	0.966420808975397	0.0148337273923415	120
X00121	0.297696430580629	0.526226372570036	121
X00122	0.421747162031246	0.374947831129629	122
X00123	0.369107912835575	0.43284664441694	123
X00124	0.460989625827749	0.336308847921541	124
X00125	0.188187405929511	0.72540944423678	125
X00126	0.0716371036122159	1.14486198159828	126
X00127	0.31995387649089	0.494912623646464	127
X00128	0.437378498628477	0.359142570535982	128
X00129	0.345952094246892	0.460984036018383	129
X00130	0.509739987254328	0.292651296247031	130
X00131	0.963798420658527	0.0160137896968242	131
X00132	0.11020731714467	0.957789569821283	132
X00133	0.130747623706765	0.883566195542274	133
X00134	0.082187732475188	1.08519300138849	134
X00135	0.848071482745374	0.0715675401330511	135
X00136	0.188899274806272	0.723769709353122	136
X00137	0.625981267834371	0.203438662632841	137
X00138	0.0836335313082099	1.0776195653545	138
X00139	0.138502701319411	0.858541756154238	139
X00140	0.712773397330564	0.147048517736809	140
X00141	0.206894348493104	0.684251372320158	141
X00142	0.0129173541731668	1.88882643259991	142
X00143	0.72314154468595	0.140776687408767	143
X00144	0.14574565734509	0.836404376666111	144
X00145	0.00574856165663673	2.24044080621953	145
X00146	0.0019187416966987	2.71698348657196	146
X00147	0.0279259793970936	1.55399158672463	147
X00148	0.000172445211475447	3.76334886078435	148
X00149	5.6390932045426e-05	4.24879072720912	149
X00150	0.00655802748663159	2.1832267674063	150
X00151	0.000572968595752957	3.2418691809383	151
X00152	0.464174296593658	0.333318912041677	152
X00153	0.659949357016468	0.180489389931096	153
X00154	0.421204529975365	0.375506966706103	154
X00155	0.429910312291256	0.366622137303384	155
X00156	0.274900081014693	0.560825132167339	156
X00157	0.206725800931489	0.684605316779109	157
X00158	0.609638418751486	0.214927672039152	158
X00159	0.381048825057391	0.419019373157853	159
X00160	0.736136163645017	0.133041846463865	160
X00161	0.716673631860122	0.144678573970964	161
X00162	0.0909885195049615	1.04101340141716	162
X00163	0.315179355433195	0.501442236979036	163
X00164	0.296497449422525	0.527979038240654	164
X00165	0.162087602564101	0.790250201338413	165
X00166	0.107459724544335	0.968754277009727	166
X00167	0.339392543193291	0.469297703814401	167
X00168	0.692412331579709	0.159635206121123	168
X00169	0.107459724544335	0.968754277009727	169
X00170	0.173420158248703	0.760900421811704	170
X00171	0.0594059427794719	1.22617010742227	171
X00172	0.830234204993765	0.0807993779991359	172
X00173	0.0115816790511867	1.93622847430421	173
X00174	0.770158587125336	0.113419837915951	174
X00175	0.0573131274477314	1.24174589242807	175
X00176	0.095485549882317	1.02006234654402	176
X00177	0.859122277435488	0.0659450193629568	177
X00178	0.900326789846155	0.0455998269306205	178
X00179	0.146608752805322	0.833840100761889	179
X00180	0.138063161405461	0.859922186248111	180
X00181	0.0379519540164881	1.4207658588533	181
X00182	0.750541081338924	0.124625531388046	182
X00183	0.905911489692236	0.0429142321421962	183
X00184	0.261318962718965	0.582829074369887	184
X00185	0.840488968891379	0.0754679821424656	185
X00186	0.740196745488673	0.130652828751063	186
X00187	0.69206758263954	0.159851493210469	187
X00188	0.504573580572093	0.297075492843679	188
X00189	0.0540399993722184	1.2672846646952	189
X00190	0.00927095210437677	2.03287566257137	190
X00191	0.745953934583351	0.127287990991092	191
X00192	0.0848351057985821	1.07142439420993	192
X00193	0.0873995477570924	1.05849081458651	193
X00194	0.407521319732326	0.389849665942644	194
X00195	0.329938373996607	0.481567170220715	195
X00196	0.346760028678138	0.459970969803073	196
X00197	0.822835797185467	0.084686822735775	197
X00198	0.545205615990563	0.263439679284264	198
X00199	0.343059126066127	0.464631023072907	199
X00200	0.506003352667758	0.295846605610234	200
X00201	0.332662412333696	0.477996267475822	201
X00202	0.283198824125913	0.547908554219161	202
X00203	0.637219704904625	0.195710802866155	203
X00204	0.45913676731156	0.338057927880545	204
X00205	0.448076761614644	0.348647579104654	205
X00206	0.69131751807458	0.160322437900253	206
X00207	0.0703227720446516	1.15290401819641	207
X00208	0.258493684253503	0.587550063507605	208
X00209	0.124865754632052	0.903556653808422	209
X00210	0.638680398370447	0.194716412494252	210
X00211	0.332877276372556	0.477715850631382	211
X00212	0.189860622910372	0.721565098591133	212
X00213	0.0445911167966601	1.35075165049065	213
X00214	0.0672188061037223	1.17250920545134	214
X00215	0.691232801108589	0.160375661439952	215
X00216	0.815074971814074	0.0888024423671974	216
X00217	0.0847274820943079	1.07197569963344	217
X00218	0.146964329066444	0.832788063683892	218
X00219	0.565925092048111	0.247241049841934	219
X00220	0.77844884335793	0.108769922308908	220
X00221	0.532659056765617	0.273550684300467	221
X00222	0.987459643930553	0.00548064433583837	222
X00223	0.780263230159105	0.107758858694183	223
X00224	0.894168181892038	0.0485807881411779	224
X00225	0.307815118731373	0.511710053054385	225
X00226	0.615447972118267	0.210808654961722	226
X00227	0.958998291316661	0.0181821666274662	227
X00228	0.891098819990477	0.0500741314324848	228
X00229	0.752767729983562	0.12333900673072	229
X00230	0.898778517932634	0.046347316376196	230
X00231	0.10658359912697	0.972309618542554	231
X00232	0.516771945810759	0.286701071077772	232
X00233	0.480339687602392	0.318451528716772	233
X00234	0.501022735955245	0.300142565797701	234
X00235	0.588725081194702	0.230087461737639	235
X00236	0.0380208658302241	1.41997799738622	236
X00237	0.287190740411996	0.541829566702728	237
X00238	0.59039370341855	0.228858282934948	238
X00239	0.973116324398258	0.011835241926221	239
X00240	0.80308986565156	0.0952358545060254	240
X00241	0.223362013102132	0.650990684859191	241
X00242	0.793162552215387	0.10063779843816	242
X00243	0.3129547293062	0.504518481094015	243
X00244	0.323442949163649	0.490202311744689	244
X00245	0.476165001015903	0.322242529183681	245
X00246	0.00358376778188874	2.44566013916384	246
X00247	0.232004144920495	0.634504256057296	247
X00248	0.433899486748472	0.362610863589245	248
X00249	0.233881981158245	0.631003236014635	249
X00250	0.672091418303252	0.172571649915896	250
X00251	0.272469833687343	0.564681573344539	251
X00252	0.869865268355669	0.0605480091525681	252
X00253	0.817380294658368	0.0875758364363789	253
X00254	0.59504482044195	0.225450320763034	254
X00255	0.953086463612638	0.0208676985573589	255
X00256	0.0583104336248105	1.23425372894146	256
X00257	0.789414849182134	0.102694708625571	257
X00258	0.118103589939895	0.927736901138466	258
X00259	0.613532392244974	0.212162503186563	259
X00260	0.417508712112444	0.379334457706407	260
X00261	0.0813393062082555	1.08969953627384	261
X00262	0.563437949656362	0.249153905005027	262
X00263	0.870953501717741	0.0600050303958371	263
X00264	0.715233458209769	0.145552177690882	264
X00265	0.638924264083671	0.194550618586359	265
X00266	0.240376709187045	0.619107614712432	266
X00267	0.194663108464233	0.71071634590421	267
X00268	0.576776408305434	0.238992511728823	268
X00269	0.205883062366769	0.686379380546707	269
X00270	0.0271362107191469	1.56645079701008	270
X00271	0.757804648110485	0.120442735241358	271
X00272	0.928118908036091	0.0323963796047059	272
X00273	0.783766124523951	0.105813511271607	273
X00274	0.0882757210068265	1.05415872657702	274
X00275	0.775004489682269	0.110695781572932	275
X00276	0.643145709270954	0.191690623400126	276
X00277	0.593605382294204	0.226502169908821	277
X00278	0.212905361225264	0.671813402341702	278
X00279	0.240756277265077	0.61842238064769	279
X00280	0.23791504266691	0.623578097934578	280
X00281	0.80943171248864	0.0918197845144736	281
X00282	0.141701573732524	0.848625326467036	282
X00283	0.747351076664344	0.126475335480414	283
X00284	0.502914232341221	0.298506073784929	284
X00285	0.192236790094266	0.716163493847863	285
X00286	0.549315447722774	0.260178187677302	286
X00287	0.616779638150038	0.20986997215724	287
X00288	0.704882695979535	0.151883150707263	288
X00289	0.195929629637253	0.707899882458944	289
X00290	0.207305609512719	0.683388946109423	290
X00291	0.891441022133339	0.0499073845237717	291
X00292	0.603256899592187	0.219497702261815	292
X00293	0.870765719411739	0.0600986767409222	293
X00294	0.434083905358499	0.362426316311892	294
X00295	0.123054874319045	0.909901178808496	295
X00296	0.0833222352924649	1.07923908771419	296
X00297	0.488723130791324	0.310937105749183	297
X00298	0.477701580624778	0.320843321715425	298
X00299	0.0256649708610458	1.59065922448306	299
X00300	0.0650560869452509	1.18671206262184	300
X00301	0.254365169744781	0.594542356951456	301
X00302	0.485539118917531	0.313775774106928	302
X00303	0.318967716642137	0.496253270528003	303
X00304	0.678515032344236	0.168440526203459	304
X00305	0.45516776955327	0.341828497932701	305
X00306	0.598741919952047	0.22276033436054	306
X00307	0.805977612849683	0.0936770211612574	307
X00308	0.755228388564134	0.121921693544428	308
X00309	0.812358728610176	0.0902521487730908	309
X00310	0.643010132266613	0.19178218360329	310
X00311	0.671630177439204	0.172869798536244	311
X00312	0.500504176161411	0.300592294455812	312
