line	MET1	CMT1	CMT2	CMT3	DRM1	DRM2	Vim1	Vim3	Vim4	Vim5	Vim6	DME	DML2	DML3	ROS1	ROS3	ROS4	ROS5	REF6	peak_genotype
RIL101	9.546925	8.013531	9.019666	10.663188	8.920828	8.287796	9.288782	9.652905	9.349767	7.915693	8.126493	9.883736	7.266002	8.593428	9.487773	10.226115	9.027073	8.290503	9.566049	peakLer
RIL108	9.56749	7.588726	9.074664	11.662026	8.282162	8.367775	9.331454	9.839116	9.463646	7.985798	8.100014	10.066053	7.017276	8.648547	9.706029	10.245359	8.862612	8.588448	9.564055	peakCvi
RIL11	10.185162	7.649841	9.26066	10.882542	8.635934	8.300287	9.545691	9.934687	9.707137	8.003511	8.306797	9.876439	7.374632	8.601299	9.404368	9.985195	8.89478	7.794696	9.572648	peakCvi
RIL112	9.70161	7.52978	9.218461	10.688722	8.889852	8.340299	9.191613	8.757271	9.162375	7.882519	7.797307	9.939577	7.365756	8.551425	9.749417	10.135562	8.737636	7.984973	9.430298	peakLer
RIL116	9.674066	7.993451	9.118339	10.712668	8.620279	8.316857	9.372909	9.774873	9.326108	7.712016	8.725122	9.988945	7.61217	8.522095	9.535979	10.036755	8.788192	7.808821	9.78215	peakCvi
RIL120	9.893324	7.379822	9.205629	10.797341	8.806283	8.317522	9.490879	10.092632	9.214491	7.847624	8.07392	10.07745	7.230015	8.851307	9.506068	10.377176	8.888093	7.804027	9.663749	peakCvi
RIL125	9.633279	7.757467	9.206586	10.779369	8.341619	8.609885	9.374762	9.644964	9.307324	8.21564	8.098515	10.186891	7.478931	8.56579	9.673119	10.193907	8.722936	8.12742	9.631168	peakLer
RIL126	9.784783	7.652111	9.18979	10.104626	8.72383	8.618023	9.282799	9.528605	9.109449	8.092076	7.8708	10.024059	7.346323	8.48857	9.554568	9.903689	8.922791	7.870278	9.510983	peakLer
RIL127	9.840814	8.131081	9.159826	11.070244	8.882682	8.604019	9.391607	9.994473	9.2341	7.898228	8.066099	9.903076	7.397352	8.562761	9.469511	10.074713	8.888758	7.78954	9.768003	peakLer
RIL13	10.046757	7.516779	9.051586	10.99035	8.851815	8.298989	9.401887	9.709793	9.172469	7.819763	7.705097	9.89655	7.449793	8.479357	9.720091	10.081074	8.871534	7.90961	9.505641	peakLer
RIL132	9.914786	7.80127	9.189367	10.83496	8.754858	8.253337	9.356938	9.79031	9.376268	7.674723	7.973032	9.959209	7.385013	8.512311	9.54868	9.68682	8.855641	8.119617	9.62047	peakLer
RIL133	9.711578	7.52213	9.329373	10.810565	8.804636	8.523368	9.341869	9.62683	9.272394	8.096515	8.179037	9.59309	7.572029	8.247676	9.803251	10.232598	8.857918	7.772795	9.510847	peakLer
RIL135	9.693308	7.556554	9.289755	10.588471	8.942272	8.594498	9.316388	9.599268	9.271444	7.727001	7.934905	9.752264	7.307527	8.382304	9.842192	10.241621	8.574681	8.158498	9.466863	peakLer
RIL136	10.002683	7.8597	9.017553	11.071021	8.486693	8.246544	9.235514	9.655798	9.432912	7.781813	8.530411	9.986724	7.392734	8.542804	9.634215	10.21257	9.001187	8.258194	9.628369	peakCvi
RIL140	10.012485	7.840337	8.937896	10.97668	8.739483	8.298326	9.345934	9.893956	9.326617	7.929521	8.316638	9.870008	7.311516	8.569804	9.282168	9.701397	9.12868	8.065737	9.770514	peakLer
RIL142	9.650116	7.72756	8.999201	10.66806	8.82163	8.445709	9.299946	9.663967	9.333646	7.7618	8.006835	9.870977	7.262587	8.326926	9.854929	10.160927	9.068534	8.041762	9.566038	peakLer
RIL143	10.002341	7.744861	8.958208	11.011749	8.759259	8.387521	9.383501	9.827291	9.476123	8.177771	8.168638	9.983323	7.635976	8.614853	9.594393	10.165782	8.794376	7.974802	9.734236	peakLer
RIL146	9.656373	7.615007	9.027203	10.795828	8.842871	8.26097	9.229572	9.920799	9.179112	8.133978	7.896655	10.130401	7.365709	8.533376	9.622207	9.991005	8.888982	8.332575	9.460405	peakLer
RIL147	9.727777	7.622431	9.387467	11.203322	8.787702	8.033794	9.35729	9.737211	9.442708	7.491209	7.966673	9.906186	7.830713	8.686196	9.598004	10.05315	8.78285	8.09722	9.489013	peakCvi
RIL149	9.91279	7.453162	9.221404	11.125072	8.796567	8.552046	9.525403	9.590261	9.25643	7.97461	8.303179	9.563266	7.018744	8.46959	9.560925	9.962989	8.947549	8.032471	9.664407	peakLer
RIL15	10.084147	7.780695	9.203229	11.187115	8.834806	8.02984	9.629332	9.821578	9.653163	7.73934	8.240174	9.718381	7.464076	8.488231	9.770334	10.138199	8.854603	7.742346	9.697866	peakCvi
RIL150	9.761568	7.659053	9.242731	10.699859	9.075719	8.599233	9.420395	9.709073	9.157964	7.861278	7.904392	9.805966	7.203269	8.304509	9.458572	9.928062	9.007417	7.681157	9.658487	peakLer
RIL151	9.753336	7.854804	9.256759	11.125117	9.02639	8.370732	9.474736	9.813665	9.245871	7.964533	8.097513	9.971348	7.345145	8.769757	9.488151	9.986112	8.886663	8.208591	9.566854	peakLer
RIL153	9.825938	7.878199	9.214363	10.817602	9.383025	8.498653	9.132933	9.665762	9.103437	7.882684	7.917992	9.855366	7.548941	8.427017	9.445646	9.877862	8.977247	7.709223	9.565994	peakLer
RIL154	9.626197	8.032547	9.253629	10.67634	8.89223	8.290168	9.120397	9.592827	8.769039	8.141428	8.060796	9.882308	6.947804	8.285958	9.537694	9.661459	8.821512	7.94023	9.470689	peakLer
RIL155	9.693402	7.339393	9.142837	10.891302	8.532676	8.522193	9.157648	9.718899	9.41049	7.793697	8.293326	8.941128	7.475487	8.623819	9.539921	10.035212	9.294368	8.237261	9.626893	peakCvi
RIL158	9.939167	7.847681	9.109003	10.92993	8.80623	8.572369	9.776497	9.65433	9.291433	8.025807	8.168592	9.888984	7.3045	8.475871	9.633667	10.145051	9.080553	8.128226	9.569779	peakLer
RIL162	9.830052	7.677909	9.007203	10.798437	8.946485	8.541892	9.2672	9.303261	9.230587	8.155862	7.914487	10.02675	7.424649	8.446552	9.520889	9.880693	8.802512	8.085094	9.506116	peakCvi
RIL163	9.680281	7.733425	9.079032	10.5662	8.823871	8.21162	9.151414	9.254042	9.184782	7.951173	7.884657	9.791977	7.308335	8.56671	9.768177	9.811416	9.044581	8.035913	9.319348	peakLer
RIL165	10.060246	7.721335	8.994817	10.963662	8.670262	8.419936	9.585801	9.532194	9.392401	7.735148	7.749921	9.713616	7.260687	8.523423	9.601821	9.786209	8.77671	7.909517	9.528463	peakLer
RIL166	10.016971	7.973935	9.04985	10.853806	9.0443	8.028013	9.356509	9.266398	9.016623	7.888877	8.174907	9.7383	7.341636	8.474022	9.660941	9.774168	8.715461	7.783462	9.572652	peakLer
RIL167	9.953296	8.005301	9.20928	10.793898	9.141841	8.063418	9.63323	9.670382	9.155854	7.86743	7.820394	10.831762	7.183704	8.416435	9.60374	10.118437	8.558314	7.864127	9.63541	peakLer
RIL168	9.747831	7.733062	9.157486	10.60937	8.625569	8.223804	9.114664	9.796491	9.2348	7.878871	8.169017	9.752125	7.30395	8.453639	9.372623	10.315834	8.894465	8.410529	9.695964	peakCvi
RIL170	9.664663	7.764847	9.287576	10.834782	8.853469	8.342746	9.148575	9.657657	9.150888	7.695637	7.927582	9.818112	7.262198	8.489503	9.343754	9.948053	8.873165	7.984471	9.516035	peakLer
RIL172	9.858577	8.017449	8.863317	10.433154	8.785139	8.174991	9.276036	9.622665	9.245652	7.881126	8.074849	9.92149	7.319154	8.783497	9.628114	9.90581	8.840406	7.651211	9.52013	peakLer
RIL173	9.958179	8.004643	9.207158	10.984665	8.981116	8.631117	9.461309	9.669234	9.366199	7.923762	8.064682	10.043087	7.347887	8.326372	9.540763	10.042176	8.911111	8.32259	9.480329	peakLer
RIL175	9.936525	8.216603	9.032021	10.787173	9.022706	8.236689	9.4083	9.558841	9.163957	8.024819	8.341316	10.053087	7.254221	8.445276	9.659504	9.961509	8.184356	8.021089	9.623451	peakCvi
RIL18	9.980335	7.656673	9.02627	11.136719	8.697331	8.419352	9.272829	9.933057	9.299393	7.733507	7.832451	9.718017	7.411872	8.596014	9.795142	9.786354	8.807912	8.102244	9.582461	peakLer
RIL180	9.891681	7.647059	8.923948	10.873211	8.969412	8.288208	9.244204	9.709118	9.202025	8.029329	7.908552	9.777814	7.049343	8.315833	9.747917	9.867012	8.79003	8.397561	9.550953	peakLer
RIL182	10.026668	7.497067	9.270368	11.024065	8.787443	8.349788	9.506193	9.825899	9.408518	7.735447	7.820379	10.002524	7.217843	8.531189	9.626983	10.238311	9.01429	8.067001	9.687382	peakLer
RIL19	9.483297	7.568712	9.10321	10.688434	8.79836	8.111633	9.062071	9.570894	9.023361	7.769117	7.918368	9.81225	7.209031	8.562531	9.514857	10.078708	8.927658	7.791014	9.61653	peakLer
RIL190	9.999585	7.85996	8.868199	10.923328	8.837379	8.494139	9.503236	9.703087	9.37784	8.146098	8.253642	10.038832	7.354694	8.213713	9.566312	9.469203	9.000119	7.844709	9.766971	peakLer
RIL191	9.929986	7.547054	9.080559	10.875678	8.938263	8.459618	9.427208	9.658435	9.434014	7.978262	8.213645	9.657669	7.398748	7.806341	9.617417	9.932055	8.799277	8.017102	9.451455	peakLer
RIL192	9.701291	7.911983	8.979086	10.6796	8.884428	8.446357	9.194383	9.552501	9.133831	8.08382	8.278045	9.654647	7.415287	8.141709	9.507038	9.57544	8.836992	7.711875	9.477437	peakLer
RIL21	10.164362	8.001739	9.18788	10.659653	8.893999	8.164792	9.145234	9.842603	9.17636	7.763746	8.18251	10.184806	7.625047	8.596024	9.464455	10.025217	9.025173	8.123751	9.391101	peakCvi
RIL22	9.757997	7.713318	9.144878	11.013803	8.952542	8.282301	9.320165	9.601458	9.467332	8.015004	7.994183	10.196925	7.393327	8.742705	9.659999	9.804081	8.820399	7.944893	9.435001	peakLer
RIL23	9.911363	7.57148	9.335705	10.869991	8.703411	8.477912	9.302997	9.568168	9.235574	7.849303	7.909264	9.823796	7.068871	8.538178	9.477638	10.04293	8.994989	8.00012	9.550907	peakLer
RIL25	9.879008	7.609283	9.097785	11.022828	8.940875	8.624981	9.417607	9.431166	9.589092	8.082873	8.171273	9.754622	7.378297	8.457515	9.867691	10.173475	8.829726	8.03555	9.632104	peakLer
RIL27	9.863139	7.628222	9.029446	10.787168	8.800129	8.454924	9.421958	9.87429	10.108795	7.768874	7.961085	9.785711	7.372837	8.516705	9.530459	9.993939	8.794732	7.774443	9.44168	peakCvi
RIL29	9.797377	8.0621	9.249203	10.838105	8.823083	8.18665	9.188544	9.757174	9.219726	7.84784	8.079454	9.925689	7.448288	8.466642	9.666168	10.106714	9.06951	8.106215	9.573069	peakLer
RIL36	9.748349	7.523201	9.181203	10.874866	8.858953	8.166242	9.377317	9.633895	9.195192	8.524216	8.341951	9.912976	7.486336	8.303962	9.74416	9.791232	8.644989	8.230978	9.534852	peakLer
RIL37	9.791995	7.966823	9.050416	10.916421	8.581303	8.035359	9.198092	9.722348	9.41246	8.032286	8.269248	10.306732	7.466345	8.633592	9.575395	10.180314	8.831844	8.44446	9.474812	peakCvi
RIL4	9.969669	7.717402	9.081711	11.036451	8.753516	8.888853	9.197058	9.626098	9.49934	8.094371	7.647312	9.737689	7.30049	8.503069	9.316058	10.044747	8.970881	7.970873	9.632827	peakCvi
RIL50	9.867424	7.852885	8.983665	10.942464	8.866296	8.170244	9.410821	9.608196	9.385036	7.991165	8.291935	10.130218	7.269069	8.667071	9.479488	10.197809	8.995195	7.999028	9.568965	peakCvi
RIL54	9.629244	7.660427	8.979138	10.783459	8.767236	8.551752	9.388221	9.614398	9.161561	8.167484	7.935027	9.737951	7.421522	8.382008	9.625413	10.026363	8.998229	7.906069	9.505282	peakLer
RIL55	9.657046	7.865929	9.262174	10.550234	8.963101	8.308195	9.264451	9.37647	9.247944	8.304614	8.188983	10.023269	7.169578	8.461565	9.324766	10.38702	9.208838	8.014146	9.626759	peakCvi
RIL58	9.797854	7.709442	9.272792	10.99611	8.897781	8.4493	9.297183	9.651413	9.21878	7.73998	8.108608	9.78916	7.075163	8.46696	9.709668	10.343121	8.888642	7.888877	9.491057	peakLer
RIL59	10.107257	7.41131	9.066938	10.967113	9.037641	8.461346	9.403034	9.739997	9.252445	8.316361	7.423414	9.758883	7.041238	8.568258	9.596752	9.90784	8.95822	8.221143	9.419838	peakLer
RIL6	9.974016	8.284976	9.133567	10.824321	8.895646	8.177158	9.316286	9.620621	9.274103	8.361574	8.08136	10.080224	7.297941	8.65447	9.483721	9.794126	8.891189	8.66437	9.434746	peakCvi
RIL61	9.864259	7.781411	9.161122	10.715342	8.790512	8.351307	9.322104	9.565976	9.082187	7.850418	7.834918	9.661722	7.208708	8.280608	9.756622	9.912622	8.852622	8.488207	9.532508	peakLer
RIL63	9.746105	7.606065	9.198088	10.50451	8.725402	8.448168	9.067049	9.537699	9.313243	8.119624	8.068323	9.938613	7.350942	8.46277	9.749396	10.125978	8.951496	7.983273	9.569584	peakCvi
RIL65	9.741818	7.713078	9.232667	10.62092	8.889444	8.253128	9.224767	9.597731	9.004998	8.119376	7.986039	9.737264	7.094281	8.320974	9.643953	10.112168	9.132527	7.71503	9.561174	peakLer
RIL68	9.832722	7.889426	9.235955	10.98488	8.788613	8.241834	9.009551	9.841482	9.292661	7.752805	8.124136	9.777728	7.290908	8.541617	9.722966	9.851738	8.968073	8.125539	9.442794	peakLer
RIL7	9.921183	7.63999	9.025019	10.752604	8.614023	8.299134	9.351222	9.817346	9.511476	8.078054	8.172279	9.766002	7.020654	8.512336	9.696602	10.186426	8.979265	7.897703	9.737437	peakCvi
RIL70	10.144951	7.661126	9.291395	10.56463	8.865733	8.355482	9.177908	9.800254	9.014253	7.755866	8.24256	9.889391	7.347772	8.353992	9.591581	10.024529	8.724172	8.083663	9.564134	peakLer
RIL71	10.061642	7.491815	9.136688	10.854668	8.7756	8.679596	9.558154	9.677818	9.245105	7.953184	8.098819	10.148465	7.283612	8.694321	9.656417	10.171035	8.860061	8.145888	9.496667	peakLer
RIL72	9.424985	7.633334	8.912095	10.477467	8.871581	8.384113	9.19221	9.747057	9.320635	7.995798	7.876725	9.770247	7.397489	8.453616	9.588795	10.057916	8.990753	7.903085	9.716115	peakCvi
